,Actividades,Contenido,Evaluacion,Foros,General,Plataforma,Retos,Tutoria,Videos
Actividades,1.0,0.12488540261983871,0.10717979818582535,0.9745191931724548,0.15222512185573578,0.7801572680473328,0.11178033798933029,0.1310209482908249,0.11373098939657211
Contenido,0.12488540261983871,1.0,0.7646998763084412,0.15652695298194885,-0.04955786094069481,0.5917690396308899,0.7467476725578308,0.4493469297885895,0.9863176345825195
Evaluacion,0.10717979818582535,0.7646998763084412,1.0,0.09301415085792542,0.059699296951293945,0.2510371804237366,0.9630493521690369,0.9098749756813049,0.7486956119537354
Foros,0.9745191931724548,0.15652695298194885,0.09301415085792542,0.9999999403953552,0.14802758395671844,0.8074171543121338,0.09712976217269897,0.09182819724082947,0.14393244683742523
General,0.15222512185573578,-0.04955786094069481,0.059699296951293945,0.14802758395671844,1.0,0.05571907386183739,0.0306706503033638,0.10328709334135056,-0.04236961528658867
Plataforma,0.7801572680473328,0.5917690396308899,0.2510371804237366,0.8074171543121338,0.05571907386183739,1.0,0.22802011668682098,0.00875205546617508,0.6011918783187866
Retos,0.11178033798933029,0.7467476725578308,0.9630493521690369,0.09712976217269897,0.0306706503033638,0.22802011668682098,1.0,0.8987417817115784,0.735816478729248
Tutoria,0.1310209482908249,0.4493469297885895,0.9098749756813049,0.09182819724082947,0.10328709334135056,0.00875205546617508,0.8987417817115784,1.0,0.4215221703052521
Videos,0.11373098939657211,0.9863176345825195,0.7486956119537354,0.14393244683742523,-0.04236961528658867,0.6011918783187866,0.735816478729248,0.4215221703052521,1.0
