,Actividades,Contenido,Evaluacion,Foros,General,Plataforma,Retos,Tutoria,Videos
Actividades,1.0,0.11658623814582825,0.11436519771814346,0.9679507613182068,0.0008595911203883588,0.6685590744018555,0.10047057271003723,0.11720594018697739,0.10278196632862091
Contenido,0.11658623814582825,1.0,0.8097558617591858,0.12961848080158234,-0.10526220500469208,0.6473267078399658,0.8044220209121704,0.5529944896697998,0.9730690121650696
Evaluacion,0.11436519771814346,0.8097558617591858,0.9999998807907104,0.10346659272909164,-0.08568669110536575,0.31448498368263245,0.9569720029830933,0.9058584570884705,0.7304224967956543
Foros,0.9679507613182068,0.12961848080158234,0.10346659272909164,1.0,0.008390514180064201,0.7050811052322388,0.1014895811676979,0.10352986305952072,0.11855168640613556
General,0.0008595911203883588,-0.10526220500469208,-0.08568669110536575,0.008390514180064201,1.0,-0.035757698118686676,-0.09603706747293472,-0.0754440501332283,-0.0937124490737915
Plataforma,0.6685590744018555,0.6473267078399658,0.31448498368263245,0.7050811052322388,-0.035757698118686676,1.0,0.31130099296569824,0.04961391165852547,0.7041199207305908
Retos,0.10047057271003723,0.8044220209121704,0.9569720029830933,0.1014895811676979,-0.09603706747293472,0.31130099296569824,0.9999998807907104,0.9230712056159973,0.7426014542579651
Tutoria,0.11720594018697739,0.5529944896697998,0.9058584570884705,0.10352986305952072,-0.0754440501332283,0.04961391165852547,0.9230712056159973,1.0,0.44324642419815063
Videos,0.10278196632862091,0.9730690121650696,0.7304224967956543,0.11855168640613556,-0.0937124490737915,0.7041199207305908,0.7426014542579651,0.44324642419815063,1.0
