,Actividades,Contenido,Evaluacion,Foros,General,Plataforma,Retos,Tutoria,Videos
Actividades,1.0,0.1369899958372116,0.10105746984481812,0.9813442826271057,0.11596497148275375,0.6954666972160339,0.09663018584251404,0.11638282239437103,0.12805241346359253
Contenido,0.1369899958372116,0.9999998807907104,0.7869731783866882,0.1481580138206482,-0.06312040984630585,0.6654412746429443,0.7860450744628906,0.4087870717048645,0.9904366135597229
Evaluacion,0.10105746984481812,0.7869731783866882,1.0,0.10023059695959091,-0.07758784294128418,0.26976534724235535,0.9707856774330139,0.8658902049064636,0.7322267293930054
Foros,0.9813442826271057,0.1481580138206482,0.10023059695959091,1.0,0.10687599331140518,0.7122129797935486,0.10305387526750565,0.11296916753053665,0.14253152906894684
General,0.11596497148275375,-0.06312040984630585,-0.07758784294128418,0.10687599331140518,1.0,0.044369008392095566,-0.07869178801774979,-0.056704506278038025,-0.06314333528280258
Plataforma,0.6954666972160339,0.6654412746429443,0.26976534724235535,0.7122129797935486,0.044369008392095566,0.9999998807907104,0.26779720187187195,-0.06747040152549744,0.6845375895500183
Retos,0.09663018584251404,0.7860450744628906,0.9707856774330139,0.10305387526750565,-0.07869178801774979,0.26779720187187195,1.0,0.8752073645591736,0.7556662559509277
Tutoria,0.11638282239437103,0.4087870717048645,0.8658902049064636,0.11296916753053665,-0.056704506278038025,-0.06747040152549744,0.8752073645591736,1.0,0.35157179832458496
Videos,0.12805241346359253,0.9904366135597229,0.7322267293930054,0.14253152906894684,-0.06314333528280258,0.6845375895500183,0.7556662559509277,0.35157179832458496,1.0
